19120 19730
19120 19710
19120 19690
19120 19680
19120 19670
19120 19660
19120 19640
19120 19630
19120 19620
19120 19620
19120 19610
19120 19600
19120 19580
19120 19570
19120 19560
19120 19550
19120 19530
19120 19520
19120 19510
19120 19500
19120 19480
19120 19480
19120 19460
19120 19450
19120 19440
19120 19420
19120 19410
19120 19400
19120 19390
19120 19370
19120 19360
19120 19350
19120 19340
19120 19320
19120 19310
19120 19300
19120 19290
19120 19280
19120 19260
19120 19250
19120 19240
19120 19230
19120 19210
19120 19200
19120 19190
19120 19180
19120 19160
19120 19150
19120 19140
19120 19130
19120 19120
19120 19100
19120 19090
19120 19080
19120 19070
19120 19050
19120 19040
19120 19030
19120 19020
19120 19000
19120 18990
19120 18980
19120 18970
19120 18960
19120 18930
19120 18920
19120 18910
19120 18890
19120 18880
19120 18870
19120 18860
19120 18840
19120 18830
19120 18810
19120 18800
19120 18780
19120 18770
19120 18760
19120 18750
19120 18730
19120 18720
19120 18710
19120 18700
19120 18680
19120 18670
19120 18650
19120 18650
19120 18620
19120 18610
19120 18600
19120 18590
19120 18570
19120 18560
19120 18550
19120 18540
19120 18520
19120 18510
19120 18500
19120 18480
19120 18460
19120 18450
19120 18440
19120 18430
19120 18410
19120 18400
19120 18390
19120 18380
19120 18360
19120 18350
19120 18330
19120 18330
19120 18320
19120 18290
19120 18280
19120 18270
19120 18250
19120 18240
19120 18230
19120 18220
19120 18200
19120 18190
19120 18170
19120 18160
19120 18140
19120 18120
19120 18110
19120 18090
19120 18070
19120 18060
19120 18040
19120 18030
19120 18020
19120 18000
19120 17980
19120 17970
19120 17960
19120 17950
19120 17930
19120 17920
19120 17910
19120 17900
19120 17870
19120 17850
19120 17840
19120 17810
19120 17800
19120 17790
19120 17770
19120 17750
19120 17740
19120 17710
19120 17700
19120 17690
19120 17680
19120 17660
19120 17650
19120 17630
19120 17610
19120 17600
19120 17590
19120 17580
19120 17560
19120 17540
19120 17530
19120 17510
19120 17500
19120 17490
19120 17480
19120 17450
19120 17440
19120 17430
19120 17420
19120 17400
19120 17390
19120 17380
19120 17370
19120 17350
19120 17340
19120 17330
19120 17310
19120 17290
19120 17280
19120 17260
19120 17240
19120 17220
19120 17210
19120 17190
19120 17180
19120 17170
19120 17160
19120 17150
19120 17120
19120 17110
19120 17100
19120 17080
19120 17070
19120 17050
19120 17030
19120 17020
19120 17010
19120 17000
19120 16990
19120 16970
19120 16960
19120 16950
19120 16940
19120 16920
19120 16910
19120 16890
19120 16870
19120 16860
19120 16850
19120 16830
19120 16810
19120 16800
19120 16790
19120 16780
19120 16760
19120 16740
19120 16730
19120 16710
19120 16700
19120 16690
19120 16670
19120 16650
19120 16630
19120 16620
19120 16590
19120 16550
19120 16540
19120 16530
19120 16520
19120 16510
19120 16480
19120 16470
19120 16460
19120 16440
19120 16430
19120 16420
19120 16410
19120 16390
19120 16380
19120 16370
19120 16360
19120 16330
19120 16320
19120 16310
19120 16300
19120 16280
19120 16270
19120 16260
19120 16250
19120 16230
19120 16210
19120 16200
19120 16190
19120 16170
19120 16150
19120 16150
19120 16120
19120 16110
19120 16100
19120 16090
19120 16070
19120 16060
19120 16050
19120 16040
19120 16030
19120 16010
19120 15990
19120 15980
19120 15960
19120 15950
19120 15940
19120 15930
19120 15910
19120 15900
19120 15890
19120 15880
19120 15870
19120 15840
19120 15830
19120 15820
19120 15800
19120 15790
19120 15780
19120 15770
19120 15750
19120 15740
19120 15720
19120 15710
19120 15690
19120 15680
19120 15670
19120 15660
19120 15640
19120 15620
19120 15610
19120 15590
19120 15580
19120 15570
19120 15550
19120 15530
19120 15520
19120 15510
19120 15480
19120 15470
19120 15460
19120 15450
19120 15430
19120 15420
19120 15400
19120 15390
19120 15370
19120 15360
19120 15350
19120 15340
19120 15310
19120 15300
19120 15290
19120 15270
19120 15260
19120 15250
19120 15240
19120 15220
19120 15210
19120 15200
19120 15190
19120 15180
19120 15150
19120 15140
19120 15130
19120 15100
19120 15090
19120 15080
19120 15060
19120 15050
19120 15040
19120 15030
19120 15020
19120 15000
19120 14990
19120 14980
19120 14950
19120 14940
19120 14930
19120 14920
19120 14900
19120 14890
19120 14880
19120 14870
19120 14860
19120 14840
19120 14820
19120 14820
19120 14790
19120 14780
19120 14770
19120 14760
19120 14740
19120 14730
19120 14720
19120 14710
19120 14700
19120 14680
19120 14670
19120 14660
19120 14650
19120 14620
19120 14610
19120 14600
19120 14580
19120 14560
19120 14550
19120 14540
19120 14520
19120 14510
19120 14500
19120 14470
19120 14460
19120 14450
19120 14440
19120 14420
19120 14410
19120 14400
19120 14390
19120 14380
19120 14360
19120 14350
19120 14340
19120 14330
19120 14310
19120 14300
19120 14290
19120 14280
19120 14260
19120 14250
19120 14240
19120 14230
19120 14220
19120 14200
19120 14190
19120 14180
19120 14170
19120 14150
19120 14140
19120 14130
19120 14120
19120 14100
19120 14090
19120 14080
19120 14070
19120 14060
19120 14040
19120 14030
19120 14020
19120 14010
19120 13990
19120 13980
19120 13970
19120 13960
19120 13940
19120 13930
19120 13920
19120 13910
19120 13900
19120 13880
19120 13870
19120 13860
19120 13850
19120 13820
19120 13810
19120 13800
19120 13780
19120 13770
19120 13760
19120 13750
19120 13740
19120 13720
19120 13710
19120 13700
19120 13690
19120 13670
19120 13660
19120 13650
19120 13640
19120 13620
19120 13610
19120 13600
19120 13590
19120 13580
19120 13560
19120 13550
19120 13530
19120 13530
19120 13500
19120 13490
19120 13480
19120 13460
19120 13450
19120 13440
19120 13430
19120 13420
19120 13400
19120 13390
19120 13380
19120 13370
19120 13350
19120 13330
19120 13320
19120 13300
19120 13290
19120 13280
19120 13270
19120 13260
19120 13240
19120 13230
19120 13210
19120 13190
19120 13180
19120 13170
19120 13160
19120 13140
19120 13130
19120 13120
19120 13110
19120 13090
19120 13080
19120 13070
19120 13060
19120 13050
19120 13030
19120 13010
19120 13000
19120 12980
19120 12970
19120 12960
19120 12950
19120 12930
19120 12920
19120 12900
19120 12890
19120 12870
19120 12860
19120 12850
19120 12840
19120 12820
19120 12800
19120 12800
19120 12770
19120 12760
19120 12750
19120 12740
19120 12730
19120 12710
19120 12700
19120 12690
19120 12680
19120 12650
19120 12640
19120 12630
19120 12610
19120 12600
19120 12590
19120 12580
19120 12570
19120 12550
19120 12540
19120 12520
19120 12500
19120 12490
19120 12480
19120 12470
19120 12450
19120 12440
19120 12420
19120 12410
19120 12390
19120 12380
19120 12370
19120 12360
19120 12340
19120 12330
19120 12320
19120 12310
19120 12290
19120 12280
19120 12270
19120 12260
19120 12250
19120 12230
19120 12210
19120 12210
19120 12180
19120 12170
19120 12160
19120 12150
19120 12130
19120 12120
19120 12110
19120 12100
19120 12090
19120 12070
19120 12060
19120 12050
19120 12040
19120 12020
19120 12010
19120 12000
19120 11970
19120 11960
19120 11950
19120 11940
19120 11930
19120 11910
19120 11900
19120 11890
19120 11880
19120 11860
19120 11850
19120 11830
19120 11810
19120 11800
19120 11790
19120 11780
19120 11770
19120 11740
19120 11730
19120 11720
19120 11700
19120 11690
19120 11680
19120 11670
19120 11650
19120 11640
19120 11620
19120 11610
19120 11590
19120 11570
19120 11560
19120 11530
19120 11520
19120 11490
19120 11480
19120 11470
19120 11450
19120 11450
19120 11420
19120 11410
19120 11400
19120 11380
19120 11370
19120 11360
19120 11350
19120 11320
19120 11300
19120 11290
19120 11270
19120 11260
19120 11240
19120 11220
19120 11200
19120 11190
19120 11170
19120 11150
19120 11140
19120 11130
19120 11110
19120 11100
19120 11090
19120 11080
19120 11050
19120 11040
19120 11030
19120 11010
19120 10990
19120 10980
19120 10960
19120 10950
19120 10940
19120 10930
19120 10920
19120 10900
19120 10880
19120 10870
19120 10850
19120 10840
19120 10830
19120 10820
19120 10800
19120 10790
19120 10780
19120 10770
19120 10760
19120 10740
19120 10720
19120 10710
19120 10690
19120 10680
19120 10670
19120 10660
19120 10640
19120 10620
19120 10610
19120 10600
19120 10580
19120 10570
19120 10560
19120 10550
19120 10530
19120 10520
19120 10510
19120 10500
19120 10480
19120 10470
19120 10460
19120 10450
19120 10440
19120 10420
19120 10410
19120 10400
19120 10390
19120 10370
19120 10360
19120 10360
19120 10350
19120 10320
19120 10320
19120 10310
19120 10300
19120 10290
19120 10280
19120 10260
19120 10250
19120 10240
19120 10230
19120 10210
19120 10200
19120 10190
19120 10180
19120 10160
19120 10150
19120 10140
19120 10120
19120 10100
19120 10090
19120 10080
19120 10070
19120 10050
19120 10040
19120 10040
19120 10030
19120 10020
19120 10000
19120 9990
19120 9980
19120 9970
19120 9960
19120 9940
19120 9930
19120 9920
19120 9910
19120 9890
19120 9880
19120 9870
19120 9860
19120 9840
19120 9830
19120 9820
19120 9810
19120 9800
19120 9780
19120 9770
19120 9760
19120 9750
19120 9730
19120 9720
19120 9710
19120 9700
19120 9670
19120 9660
19120 9650
19120 9640
19120 9610
19120 9600
19120 9590
19120 9570
19120 9560
19120 9550
19120 9520
19120 9510
19120 9500
19120 9490
19120 9480
19120 9480
19120 9450
19120 9440
19120 9410
19120 9400
19120 9390
19120 9380
19120 9360
19120 9350
19120 9330
19120 9320
19120 9300
19120 9290
19120 9280
19120 9270
19120 9250
19120 9240
19120 9230
19120 9220
19120 9200
19120 9190
19120 9180
19120 9170
19120 9140
19120 9130
19120 9120
19120 9110
19120 9090
19120 9080
19120 9070
19120 9060
19120 9040
19120 9030
19120 9010
19120 9000
19120 8980
19120 8970
19120 8960
19120 8950
19120 8920
19120 8910
19120 8900
19120 8880
19120 8870
19120 8860
19120 8850
19120 8820
19120 8810
19120 8800
19120 8790
19120 8770
19120 8750
19120 8740
19120 8720
19120 8710
19120 8700
19120 8690
19120 8670
19120 8660
19120 8650
19120 8630
19120 8610
19120 8600
19120 8590
19120 8580
19120 8560
19120 8550
19120 8540
19120 8510
19120 8500
19120 8490
19120 8480
19120 8470
19120 8450
19120 8440
19120 8420
19120 8400
19120 8390
19120 8380
19120 8370
19120 8350
19120 8330
19120 8320
19120 8310
19120 8290
19120 8280
19120 8270
19120 8240
19120 8230
19120 8220
19120 8210
19120 8190
19120 8180
19120 8170
19120 8160
19120 8130
19120 8120
19120 8110
19120 8100
19120 8080
19120 8070
19120 8050
19120 8030
19120 8020
19120 8010
19120 8000
19120 7990
19120 7960
19120 7950
19120 7940
19120 7920
19120 7910
19120 7900
19120 7870
19120 7860
19120 7850
19120 7840
19120 7830
19120 7810
19120 7790
19120 7780
19120 7760
19120 7750
19120 7740
19120 7710
19120 7700
19120 7690
19120 7680
19120 7670
19120 7650
19120 7640
19120 7630
19120 7620
19120 7600
19120 7590
19120 7580
19120 7550
19120 7540
19120 7530
19120 7520
19120 7510
19120 7490
19120 7480
19120 7470
19120 7460
19120 7440
19120 7430
19120 7410
19120 7390
19120 7380
19120 7370
19120 7360
19120 7350
19120 7330
19120 7320
19120 7300
19120 7280
19120 7270
19120 7260
19120 7250
19120 7230
19120 7210
19120 7200
19120 7170
19120 7160
19120 7150
19120 7140
19120 7120
19120 7100
19120 7090
19120 7070
19120 7060
19120 7050
19120 7040
19120 7030
19120 7000
19120 6990
19120 6980
19120 6960
19120 6950
19120 6940
19120 6930
19120 6900
19120 6890
19120 6890
19120 6880
19120 6850
19120 6840
19120 6830
19120 6820
19120 6800
19120 6790
19120 6780
19120 6770
19120 6750
19120 6740
19120 6730
19120 6720
19120 6710
19120 6690
19120 6680
19120 6670
19120 6660
19120 6640
19120 6630
19120 6620
19120 6610
19120 6590
19120 6580
19120 6570
19120 6540
19120 6540
19120 6520
19120 6510
19120 6510
19120 6500
19120 6470
19120 6470
19120 6450
19120 6430
19120 6420
19120 6410
19120 6400
19120 6380
19120 6360
19120 6350
19120 6340
19120 6320
19120 6310
19120 6300
19120 6270
19120 6260
19120 6250
19120 6240
19120 6220
19120 6210
19120 6190
19120 6180
19120 6160
19120 6150
19120 6140
19120 6130
19120 6110
19120 6100
19120 6090
19120 6080
19120 6060
19120 6050
19120 6030
19120 6020
19120 6000
19120 5990
19120 5980
19120 5970
19120 5940
19120 5940
19120 5920
19120 5900
19120 5890
19120 5880
19120 5870
19120 5860
19120 5840
19120 5830
19120 5820
19120 5810
19120 5790
19120 5780
19120 5770
19120 5740
19120 5730
19120 5720
19120 5710
19120 5700
19120 5680
19120 5670
19120 5660
19120 5650
19120 5630
19120 5620
19120 5610
19120 5600
19120 5570
19120 5560
19120 5550
19120 5540
19120 5520
19120 5500
19120 5490
19120 5470
19120 5460
19120 5450
19120 5440
19120 5420
19120 5410
19120 5400
19120 5390
19120 5360
19120 5350
19120 5350
19120 5330
19120 5330
19120 5310
19120 5290
19120 5290
19120 5280
19120 5260
19120 5240
19120 5230
19120 5220
19120 5200
19120 5190
19120 5180
19120 5170
19120 5150
19120 5140
19120 5130
19120 5120
19120 5100
19120 5090
19120 5070
19120 5060
19120 5040
19120 5030
19120 5020
19120 5010
19120 4990
19120 4980
19120 4970
19120 4960
19120 4930
19120 4920
19120 4910
19120 4900
19120 4880
19120 4870
19120 4850
19120 4850
19120 4820
19120 4810
19120 4800
19120 4780
19120 4770
19120 4760
19120 4750
19120 4740
19120 4720
19120 4710
19120 4690
19120 4670
19120 4660
19120 4650
19120 4640
19120 4620
19120 4600
19120 4600
19120 4580
19120 4560
19120 4560
19120 4540
19120 4530
19120 4510
19120 4500
19120 4490
19120 4480
19120 4460
19120 4450
19120 4440
19120 4430
19120 4420
19120 4400
19120 4390
19120 4380
19120 4370
19120 4350
19120 4340
19120 4330
19120 4320
19120 4300
19120 4290
19120 4280
19120 4250
19110 3910
19110 3890
19110 3870
19110 3860
19110 3840
19110 3820
19110 3820
19110 3810
19110 3800
19110 3790
19110 3770
19110 3760
19110 3750
19110 3740
19110 3730
19110 3710
19110 3690
19110 3680
19110 3660
19110 3640
19110 3630
19110 3600
19110 3590
19110 3570
19110 3550
19110 3530
19110 3520
19110 3500
19110 3480
19110 3470
19110 3440
19110 3430
19110 3410
19110 3390
19110 3370
19110 3360
19110 3340
19110 3320
19110 3310
19110 3280
19110 3270
19110 3250
19110 3230
19110 3210
19110 3200
19110 3180
19110 3160
19110 3150
19110 3120
19110 3110
19110 3090
19110 3070
19110 3050
19110 3040
19110 3010
19110 3000
19110 2990
19110 3040
19110 3110
19110 3180
